# oST version 5.0 parameters


[image]

width
320

height
240

[narrow_stereo/left]

camera matrix
329.785565 0.000000 153.140054
0.000000 330.962903 135.867601
0.000000 0.000000 1.000000

distortion
0.000326 0.142011 0.004773 0.004299 0.000000

rectification
0.953638 0.033774 -0.299055
-0.037160 0.999293 -0.005641
0.298654 0.016492 0.954219

projection
409.517473 0.000000 285.449589 0.000000
0.000000 409.517473 135.655917 0.000000
0.000000 0.000000 1.000000 0.000000
# oST version 5.0 parameters


[image]

width
320

height
240

[narrow_stereo/right]

camera matrix
340.048382 0.000000 161.453863
0.000000 341.702287 135.863401
0.000000 0.000000 1.000000

distortion
0.039748 0.048690 0.007413 0.005918 0.000000

rectification
0.959945 0.021690 -0.279349
-0.018529 0.999731 0.013952
0.279577 -0.008217 0.960088

projection
409.517473 0.000000 285.449589 -35.567279
0.000000 409.517473 135.655917 0.000000
0.000000 0.000000 1.000000 0.000000
