# image_width: 320
# image_height: 240
# camera_name: camera0 #left 
# camera_matrix:
#   rows: 3
#   cols: 3
#   data: [329.78556,   0.     , 153.14005,
#            0.     , 330.9629 , 135.8676 ,
#            0.     ,   0.     ,   1.     ]
# distortion_model: plumb_bob
# distortion_coefficients:
#   rows: 1
#   cols: 5
#   data: [0.000326, 0.142011, 0.004773, 0.004299, 0.000000]
# rectification_matrix:
#   rows: 3
#   cols: 3
#   data: [ 0.95363788,  0.03377415, -0.29905533,
#          -0.03716005,  0.99929341, -0.00564092,
#           0.2986535 ,  0.01649231,  0.9542191 ]
# projection_matrix:
#   rows: 3
#   cols: 4
#   data: [409.51747,   0.     , 285.44959,   0.     ,
#            0.     , 409.51747, 135.65592,   0.     ,
#            0.     ,   0.     ,   1.     ,   0.     ]


# image_width: 320
# image_height: 240
# camera_name: camera1
# camera_matrix:
#   rows: 3
#   cols: 3
#   data: [359.12535,   0.     , 158.3778 ,
#            0.     , 361.48672, 122.40885,
#            0.     ,   0.     ,   1.     ]
# distortion_model: plumb_bob
# distortion_coefficients:
#   rows: 1
#   cols: 5
#   data: [0.064415, -0.085711, -0.003770, 0.007772, 0.000000]
# rectification_matrix:
#   rows: 3
#   cols: 3
#   data: [ 0.98446697,  0.01911668,  0.17452603,
#          -0.02028558,  0.99978214,  0.00491598,
#          -0.17439403, -0.00837998,  0.98464029]
# projection_matrix:
#   rows: 3
#   cols: 4
#   data: [401.03214,   0.     ,  84.22593,  33.78136,
#            0.     , 401.03214, 115.67038,   0.     ,
#            0.     ,   0.     ,   1.     ,   0.     ]




image_width: 640
image_height: 480
camera_name: camera1
camera_matrix:
  rows: 3
  cols: 3
  data: [685.06146,   0.     , 329.26926,
           0.     , 688.94665, 248.2176 ,
           0.     ,   0.     ,   1.     ]
distortion_model: plumb_bob
distortion_coefficients:
  rows: 1
  cols: 5
  data: [0.139372, -0.347550, -0.000499, 0.003233, 0.000000]
rectification_matrix:
  rows: 3
  cols: 3
  data: [ 0.98191905, -0.03246306,  0.18649699,
          0.03116596,  0.99946536,  0.00988357,
         -0.18671813, -0.0038925 ,  0.98240582]
projection_matrix:
  rows: 3
  cols: 4
  data: [810.427  ,   0.     , 170.54806, -66.05584,
           0.     , 810.427  , 249.66383,   0.     ,
           0.     ,   0.     ,   1.     ,   0.     ]